21.018444765707173 9.337233303023178 7.588660790569439 7.7229644794697805
20.052451209422316 9.05466027162738 7.875915411757932 7.446632546206672
19.095340450391955 8.77544974654664 8.20814590976316 6.7676076989162794
18.132440211459016 8.527282363278319 8.536906800614645 5.002138082151369
17.154254801583747 38.945540478834076 8.821242707798639 2.815008821284046
16.441662836383518 36.529931128038356 10.084829313300494 21.956976271819897
15.833072407537527 34.522288931941574 11.947368916757025 21.944298498687772
15.325855534020821 32.839007682517405 14.751334427001346 21.920842648992362
14.875458790529832 31.473024304988 14.275198828103559 20.48069652875909
14.522283435055359 30.293866237627405 13.052272179171956 20.616600906223212
14.316477404224516 29.26205205268629 11.990661914757444 21.7076146830739
14.247377563481729 28.391087497699807 11.082149373725212 21.82668820767332
14.338551514106442 27.66632987025601 10.310216615144194 21.849927572768294
14.633503095031937 27.07655255925232 9.662746877706498 21.89725418635671
15.207460748691073 19.92570023206801 9.132895333520546 22.040605595680525
15.293354758231267 17.873120000864276 8.624040070148412 13.062953487991152
28.397719486316454 15.098542269435706 8.235238840168202 19.18587615406645
26.93921219834014 15.180294384566013 7.80478613180906 8.235539037347849
25.539427443987982 15.180384047210657 7.402750416902043 8.216308824574334
24.19278745622983 15.120273041796155 7.029065180263908 8.191379115195794
22.89424488163531 15.014668922146798 6.683776906915844 8.159378736101488
21.639204767951984 14.874058507652473 6.367038688093838 8.118532057822236
20.423455639881347 14.706203766724853 6.079100532192836 8.066555328076596
19.24310917968708 14.517076619288941 5.820293661598887 8.000458626204725
18.094548032222505 14.31148710850547 5.59100364469769 7.916157880882473
16.974381014217084 14.093559419350317 5.391622300229108 7.807696037441865
15.87940125867792 13.867152113805064 5.222461921650082 7.665928937195446
14.806524999731417 13.636139894137367 25.366905004528167 7.478492817304968
13.929756942967545 14.77457703040054 25.11624308959986 -10.266676516776414
13.072452366269257 14.687337292639738 24.939603978330425 -10.566221129900768
12.241903873729452 13.25745685482475 24.941943360029974 -11.331020755603657
11.46226359117721 11.89644794378547 25.431541229568758 -13.264615210713213
10.757489123098411 10.615877596958665 26.83509044044753 -15.878947970290799
10.168551811527841 9.4349808183636 30.22186323606851 -19.460281446895596
9.774600511917198 8.385127327725712 30.804692018722584 -24.579294081993194
9.562528779448726 7.498303479954034 29.818823769542075 -27.136326995489085
9.530338858245006 6.7659527367738574 29.09061532319962 -27.995195894309177
9.729711159140757 6.174210363979575 28.620842609496886 -28.49718291725533
10.249467731680257 5.7118080655069825 28.407513779090344 -28.600674517951603
11.248403675367168 5.3701025105318845 22.3099002045948 -28.223591006661966
13.312189559437652 5.168870921246776 17.730649273925415 -29.4580864049112
14.712798359749847 4.937819540191205 16.402669085309217 -15.693484123557965
19.588628650866276 4.88419426269437 14.536915422340659 -24.08048350033697
23.86406112764525 4.796338876565584 13.892849438658255 -12.54971454894833
22.74443710254127 4.750236115866479 13.384302348398103 -11.039231134120207
21.670688505238545 4.767999104501893 12.874200931645733 -11.269502456194836
20.640901085059138 4.858903545000761 12.361963534574565 -11.515468997588574
19.65344457777397 5.034865669823746 11.847500878880327 -11.768289487902607
18.706772759696445 5.311264690397407 11.331084196596661 -12.015660326923726
17.799180028122223 5.708024076533787 10.813226916044307 -12.240737910584723
16.928406647042372 6.250779851876147 10.2947498601453 -12.414392726684014
16.08980808565863 6.96897931374257 9.778529373960103 -12.417015387175255
15.256512790554458 7.843122510892503 9.288491057919032 -11.113773820552911
14.313258012692692 8.524768862925587 8.927958577460592 -3.8181138201684917
13.311026110390403 9.026958286776896 8.634147151990256 0.16312338133842275
