-1.3807599186372388 0.9884185874635787 21.02353900292287 10.103016240838286 6.764558543128768 8.728476242961108
-1.347423167829925 1.976411945352557 20.068964808133238 9.757125878792632 7.0709524089547235 8.676584874080184
-1.2809577730768853 2.963120571113931 19.132879633199703 9.403221615637676 7.4572451845057985 8.527552454039984
-1.1819685824727293 3.947557154658586 18.21205668358314 9.041639998675384 7.930946148574487 8.349401928681097
-1.051225306841775 4.928580235869617 17.304498411328574 8.670446577473728 8.504263033359715 8.231779407669762
-0.8893421753797351 5.904901706521896 16.409954986390126 37.1538335745178 9.196979950199044 8.250021207448064
-0.7039059149606804 6.837847450771575 15.709868946157936 35.39193741533489 10.648236646877828 17.97406740706549
-0.4543638153627 7.757967049636164 15.064482736066077 33.877810405291555 12.659624229816853 17.568278658545324
-0.14303742889595467 8.661098835355423 14.468176483215737 32.559324752869706 14.408156971259878 17.198540374922977
0.22711077525375792 9.542184445330651 13.925067173428443 31.388186081138908 13.133701262336961 17.122284640198025
0.6524717539056719 10.393883413176743 13.461495475190492 30.32147406440485 11.991284585360416 17.822358619698576
1.128328727945272 11.203707294232263 13.149694856525839 29.334195271941514 10.969249249889018 20.06832793993459
1.6524356576405481 11.957462115659618 13.083994611105163 28.461741174623178 10.08298669149977 23.355886038837284
2.2306137688595506 12.649785567639514 13.309827872757278 27.769970626608156 9.350411203830006 25.57795344220702
2.86794383954063 13.278899390763458 13.871998452951674 27.28386450998084 8.769896612077945 26.42342348930748
3.5646365190452975 13.842126009982465 14.864050814477224 18.92577238290208 8.331361173160946 26.37802875509999
4.356660603937256 14.362130466176056 29.379667784717274 16.031887884838643 7.937332721797438 18.652832032737223
5.209006489608796 14.838710638220137 27.693816468771175 15.224197610460045 7.5529265034107045 12.43636266183755
6.080693817037754 15.272714795724642 26.09630149193556 14.430825486852768 7.22696476888794 13.155793378884404
6.97456292723067 15.662662953368178 24.622789358269582 13.787902441549885 6.950576168118 12.780720783245272
7.889970590280555 16.00950391732295 23.267659892736063 13.305228877929546 6.714389939805776 11.787330944058667
8.824510260353138 16.315851591048805 22.011676939697328 12.96360026736232 6.5088820624812875 10.432148866590097
9.774874258019842 16.585554497366736 20.832348559324856 12.737607986556787 6.325468704938521 8.924952267888244
10.737307864761766 16.82315628579869 19.707353512757813 12.593698581398657 6.159147322423175 7.550716577722703
11.708407154535397 17.033014906761405 18.618129384923595 12.495284023989223 6.0092494864313934 6.528100562469135
12.685687603186704 17.218497844593507 17.552036749349327 12.41260239857673 5.877593357979487 5.886732436283225
13.6675513188851 17.381760191832377 16.50170990663305 12.326845907133174 5.7665170547700875 5.530736182242855
14.652985234813631 17.523998929508966 15.463149364403355 12.228251866276144 24.942475896445323 5.348313918304328
15.620461550904475 17.64324504759112 14.595484501481126 13.281991740644866 24.987935062394076 -12.890693138197168
16.57935275383832 17.81004999089711 13.762248126266963 14.653351549763078 25.18005164532594 -13.271935001394585
17.528449713078746 18.025548598238515 12.956066684375255 14.298474960441444 25.499135125596045 -13.281104402265491
18.46593533849056 18.289395042214785 12.17039295131559 12.87591381854008 25.94925512245898 -13.117500907220446
19.387467013334184 18.59969628329659 11.412738242714614 11.56505927750441 26.703687261843157 -13.49946666609096
20.284416321372213 18.95451798829381 10.715054638461408 10.342813271792254 28.329975543262428 -15.294879040604709
21.13610604076306 19.350648747337036 10.165819858853004 9.206675815478553 31.83461379791722 -20.064738687299958
21.92815007905943 19.795417265717433 9.811872997920256 8.205417663556435 30.704388599355216 -24.717677103360707
22.665438985697193 20.304948828362086 9.61771236111878 7.359252733482533 29.795019235592648 -26.333924035333233
23.344325849646705 20.88079250732322 9.601239142346424 6.656935212355628 29.124724758888664 -27.09968357932516
23.959299886100123 21.52018580372024 9.812078683721108 6.086085858689965 28.69379230385163 -27.484004957535504
24.504517682061238 22.21807345066042 10.348862128965182 5.638346204313819 28.50416233651863 -27.673001912722338
24.974620142692842 22.968219776995667 11.405579678444017 5.310410414908658 21.57898887686984 -27.71433915193271
25.368232687649662 23.770172267010935 13.280726344343941 5.093666369259232 17.707848670568893 -26.703839833883034
25.69018695859851 24.63535412075609 16.116682168669588 4.95127552056126 15.62202556804728 -22.60992310940429
25.947807748295038 25.56365076203314 19.340151389575148 4.826530011218915 14.629918609002416 -15.55337361532969
26.15151773192557 26.514329752535787 23.78602081119308 4.750078053068294 13.906582484969144 -13.527104035596174
26.305711345411545 27.475398710368395 22.656876734895295 4.740673418066973 13.253470052013276 -13.25487468177279
26.41074780788388 28.443180321747125 21.592177064048048 4.808761484481289 12.63825174215805 -13.22857495567883
26.46645770633881 29.4154609454497 20.585008172167775 4.9637852880592215 12.055039440486556 -13.125410227420069
26.4730391485126 30.390300851920806 19.627658787163796 5.2157200293058095 11.501310014060241 -12.874071651209103
26.43126311277787 31.366187724863092 18.710227695727827 5.572870695763979 10.977336174655475 -12.371052637628562
26.34282012798025 32.341770116819326 17.8206130906641 6.0406925707827686 10.48220490981287 -11.597746104027081
26.210495445117278 33.31526292227767 16.948242244830055 6.626069418899984 10.008923793706932 -10.751675754646548
26.037472952798854 34.28497921582828 16.08495296623707 7.337120337196913 9.549969875534755 -9.926000596069517
25.82656916898962 35.2513079493313 15.212800859344082 8.147937427458412 9.112720140638544 -8.47659958844428
25.58230808557049 36.21739476765049 14.286004709611488 8.904205982302738 8.732911469753883 -4.80370946294974
25.31918746149025 37.18215495865966 13.287865062855742 9.443010659647575 8.427397609002027 -0.13204206119773687
